%YAML:1.0

#common parameters
#support: 1 imu 1 cam; 1 imu 2 cam: 2 cam; 
imu: 0
wheel: 1
only_initial_with_wheel: 0
plane: 1
num_of_cam: 1

imu_topic: "/camera/imu"
wheel_topic: "/odom"
image0_topic: "/d400/color/image_raw"
image1_topic: "/d400/color/image_raw"
output_path: "/home/wfram/viw_fusion_ws/src/VIW-Fusion/output"

cam0_calib: "d400.yaml"
cam1_calib: "d400.yaml"
image_width: 848
image_height: 480

# Extrinsic parameter between IMU and Camera.
estimate_extrinsic: 0   # 0  Have an accurate extrinsic parameters. We will trust the following imu^R_cam, imu^T_cam, don't change it.
# 1  Have an initial guess about extrinsic parameters. We will optimize around your initial guess.
# 2  Don't know anything about extrinsic parameters. You don't need to give R,T. We will try to calibrate it. Do some rotation movement at beginning.
#If you choose 0 or 1, you should write down the following matrix.

extrinsic_type: 3 # 0 ALL
                  # 1 Only translation
                  # 2 Only Rotation
                  # 3 no z
                  # 4 no rotation and no z

body_T_cam0: !!opencv-matrix
   rows: 4
   cols: 4
   dt: d
   data: [ 0.999917,   -0.0127019,   0.0020851,  -0.00182752,
           0.0126912,   0.999907,    0.00506861,  0.0093345,
          -0.00214928, -0.00504173,  0.999985,    0.0200701,
             0,          0,          0,           1 ]

body_T_cam1: !!opencv-matrix
   rows: 4
   cols: 4
   dt: d
   data: [ 0.999921 ,  -0.0123262,   0.0025727,    0.048313,
           0.0123166,   0.999917,    0.00371045,   0.0101984,
          -0.00261822, -0.00367847,  0.99999,      0.0210006,
             0,          -0,          -0,           1 ]

# Extrinsic parameter between IMU and Wheel.
estimate_wheel_extrinsic: 1   # 0  Have an accurate extrinsic parameters. We will trust the following imu^R_cam, imu^T_cam, don't change it.
# 1  Have an initial guess about extrinsic parameters. We will optimize around your initial guess.
# 2  Don't know anything about extrinsic parameters. You don't need to give R,T. We will try to calibrate it. Do some rotation movement at beginning.
#If you choose 0 or 1, you should write down the following matrix.

extrinsic_type_wheel: 3 # 0 ALL
  # 1 Only translation
  # 2 Only Rotation
  # 3 no z
# 4 no rotation and no z

#wheel to body TODO: inv
body_T_wheel: !!opencv-matrix
  rows: 4
  cols: 4
  dt: d
  data: [9.9792816252667338e-03, 6.5348103708624539e-03, 9.9992885256485176e-01, 2.2648368490900000e-01,
         -9.9982014658446139e-01, 1.6192923276330706e-02, 9.8723715283343672e-03, -5.1141940356500000e-02,
         -1.6127257115523985e-02, -9.9984753112121250e-01, 6.6952288046080444e-03, 9.1600000000000004e-01,
         0., 0., 0., 1.]

#plane noise
#mono:0.01 stereo:0.005
roll_n: 0.01
#mono:0.01  stereo:0.005
pitch_n: 0.01
#mono:0.05 stereo:0.025
zpw_n: 0.05

#Multiple thread support
multiple_thread: 1

#feature traker paprameters
max_cnt: 150            # max feature number in feature tracking
min_dist: 30            # min distance between two features 
freq: 10                # frequence (Hz) of publish tracking result. At least 10Hz for good estimation. If set 0, the frequence will be same as raw image
F_threshold: 1.0        # ransac threshold (pixel)
show_track: 1           # publish tracking image as topic
flow_back: 1            # perform forward and backward optical flow to improve feature tracking accuracy

#optimization parameters
max_solver_time: 0.04  # max solver itration time (ms), to guarantee real time
max_num_iterations: 8   # max solver itrations, to guarantee real time
keyframe_parallax: 10.0 # keyframe selection threshold (pixel)

#imu parameters       The more accurate parameters you provide, the better performance
acc_n: 0.1         # accelerometer measurement noise standard deviation. #0.2   0.04
gyr_n: 0.05        # gyroscope measurement noise standard deviation.     #0.05  0.004
acc_w: 7.1765713730075628e-04         # accelerometer bias random work noise standard deviation.  #0.002
gyr_w: 4.0e-05       # gyroscope bias random work noise standard deviation.     #4.0e-5
g_norm: 9.805         # gravity magnitude

#wheel parameters
# rad/s mono:0.004 stereo:0.002
wheel_gyro_noise_sigma: 0.004
#　m/s mono:0.01  stereo:0.006
wheel_velocity_noise_sigma: 0.01

estimate_wheel_intrinsic: 0
# 0  Have an accurate intrinsic parameters. We will trust the following sx, sy, sw, don't change it.
# 1  Have an initial guess about intrinsic parameters. We will optimize around your initial guess.
# 2  TODO Don't know anything about intrinsic parameters. You don't need to give sx, sy, sw. We will try to calibrate it. Do some rotation movement at beginning.
#If you choose 0 or 1, you should write down the following sx, sy, sw.
# wheel intrinsic
sx: 1.0
sy: 1.0
sw: 1.0


#unsynchronization parameters
estimate_td: 0                      # online estimate time offset between camera and imu
td: 0.00                             # initial value of time offset. unit: s. readed image clock + td = real image clock (IMU clock)
#unsynchronization parameters
estimate_td_wheel: 0                      # online estimate time offset between camera and wheel
td_wheel: 0.0                             # initial value of time offset. unit: s. readed image clock + td = real image clock (IMU clock)

#loop closure parameters
load_previous_pose_graph: 0        # load and reuse previous pose graph; load from 'pose_graph_save_path'
pose_graph_save_path: "/home/td/slam/vins_fusion_ws/src/VINS-Fusion/output/pose_graph" # save and load path
save_image: 0                   # save image in pose graph for visualization prupose; you can close this function by setting 0 
