%YAML:1.0
---
plane_R_world: !!opencv-matrix
   rows: 3
   cols: 3
   dt: d
   data: [ 9.9503092291600692e-01, -2.8862765500315421e-03,
       9.9524528879046975e-02, -2.8961168750646629e-03,
       9.9831779254575226e-01, 5.7906800927199319e-02,
       -9.9524243016289676e-02, -5.7907292237274095e-02,
       9.9334871548604797e-01 ]
plane_Z_world: 1.6124667955624611e-01
