%YAML:1.0
---
plane_R_world: !!opencv-matrix
   rows: 3
   cols: 3
   dt: d
   data: [ 9.7116834261152840e-01, -1.1625388082752393e-01,
       -2.0812757025852410e-01, -1.0330974063459548e-01,
       5.8156721311095971e-01, -8.0691181310250037e-01,
       2.1484680076554466e-01, 8.0514881346673528e-01,
       5.5278950819811956e-01 ]
plane_Z_world: 3.0846584689038421e+00
