%YAML:1.0
---
model_type: PINHOLE
camera_name: camera
image_width: 1280
image_height: 720
distortion_parameters:
   k1: 0.0
   k2: 0.0
   p1: 0.0
   p2: 0.0
projection_parameters:
   fx: 532.03125 # 1064.0625
   fy: 532.03125 # 798.046875
   cx: 639.888671875
   cy: 356.16241455078125
